this is the flight recordings. all parameters divided by TABs 
sim zulu time 	LAT 	LONG 	MSL alt 	radio alt 	baro alt 	baro press 	V/S 	IAS 	G-load 	aileron deg 	elevator deg 	rudder deg 	roll deg 	pitch deg 	mag course 	torque L 	torque R 	throt L 	throt R 	flaps pos 	single commands and failures 	

17:19:25	61.443058	21.853899	170.2	160.2	163.3	756	-1.8	181.7	0.92	0	0	0	0.2	0.4	295.4	51.7	51.7	48	48	38	props_nostop,  LG_down,  
17:19:26	61.443314	21.853046	169.3	158.7	162.4	756	-1.2	196.5	1.14	0	0	0	-0.2	-2.2	294.8	51.7	51.7	48	48	38	props_nostop,  LG_down,  
17:20:01	61.452301	21.823977	85.1	68.7	78.3	756	-1.6	189.8	1.05	0	0	0	1.7	-3	308.1	52.1	52.1	49	49	38	props_nostop,  LG_down,  
17:20:02	61.452648	21.823261	83.6	67.1	76.7	756	-1.6	191.1	0.75	0	0	0	2.3	-5.7	308.4	52.2	52.2	49	49	38	props_nostop,  LG_down,  
17:20:03	61.452991	21.822557	80.4	64.1	73.7	756	-2.6	186.4	0.86	0	0	0	5.6	-7.2	308	51.9	51.9	41	41	38	props_nostop,  LG_down,  
17:20:04	61.453342	21.821856	75.4	59.3	68.8	756	-4.2	184.2	0.83	0	0	0	4.6	-8.3	308.5	46.1	46.1	39	39	38	props_nostop,  LG_down,  
17:20:05	61.453693	21.821161	69.1	52.3	62.5	756	-5.5	195.6	0.82	0	0	0	1.9	-9.6	309.4	43.7	43.7	39	39	38	props_nostop,  LG_down,  
17:20:06	61.454056	21.82045	62.3	45.8	55.7	756	-6.2	197.4	0.9	0	0	0	0.1	-8.8	309.3	43	43	39	39	38	props_nostop,  LG_down,  
17:20:07	61.454418	21.819733	55.8	39.4	49.2	756	-6.3	197.6	1.14	0	0	0	-2.2	-6.8	310.3	42.7	42.7	39	39	38	props_nostop,  LG_down,  
17:20:08	61.454784	21.818991	50.6	33.6	43.9	756	-5.4	200.5	1.28	0	0	0	-6.9	-4.6	308.5	42.4	42.4	39	39	38	props_nostop,  LG_down,  
17:20:09	61.455139	21.818239	46.8	30.5	40	756	-4.4	198.4	1.2	0	0	0	-8.6	-4.8	307	42.4	42.4	39	39	38	props_nostop,  LG_down,  
17:20:10	61.455471	21.817478	43.7	27.5	36.9	756	-3.5	199.1	0.9	0	0	0	-9.1	-4.1	305.3	42.7	42.7	42	42	38	props_nostop,  LG_down,  
17:20:11	61.455795	21.816687	40.9	24.4	34.1	756	-2.9	194.2	1.12	0	0	0	-9.6	-1.7	302	43.7	43.7	42	42	38	props_nostop,  LG_down,  
17:20:12	61.4561	21.815884	39.5	22.9	32.6	756	-1.9	193.3	1.15	0	0	0	-0.5	-1.1	301	44.2	44.2	42	42	38	props_nostop,  LG_down,  
17:20:13	61.456406	21.815079	38.9	22.9	32	756	-1.1	185.6	1.03	0	0	0	2.1	-2	299.1	42.7	42.7	36	36	38	props_nostop,  LG_down,  
17:20:14	61.456699	21.814295	37.9	21.4	31	756	-1.1	191.7	1.06	0	0	0	4.4	-1.3	302.3	41	41	36	36	38	props_nostop,  LG_down,  
17:20:15	61.457001	21.813501	36.6	19.8	29.8	756	-1.2	191.6	1.06	0	0	0	-0.2	-1.4	303.1	39.5	39.5	31	31	38	props_nostop,  LG_down,  
17:20:16	61.457294	21.812717	35	18.3	28.1	756	-1.5	177.8	0.88	0	0	0	-5.1	-2.6	302.4	34.3	34.3	29	29	38	props_nostop,  LG_down,  
17:20:17	61.457581	21.811934	32.6	16	25.8	756	-2	186.8	0.9	0	0	0	-6.7	-2.8	300.8	31.4	31.4	26	26	38	props_nostop,  LG_down,  
17:19:45	61.447681	21.836252	125.9	112.9	119	756	-1.9	185	0.85	0	0	0	6.4	-2.4	289.2	51.7	51.7	48	48	38	props_nostop,  LG_down,  
17:19:46	61.44791	21.835381	124.2	109.9	117.4	756	-1.7	187.5	0.9	0	0	0	7.5	-2.6	291.3	51.7	51.7	48	48	38	props_nostop,  LG_down,  
17:19:47	61.448147	21.834518	122.4	108.3	115.6	756	-1.8	187.6	0.9	0	0	0	10.8	-3	294.1	51.7	51.7	48	48	38	props_nostop,  LG_down,  
17:19:48	61.448395	21.833668	119.9	105.3	113	756	-2.2	188.5	1.06	0	0	0	10.5	-2.5	294.4	51.7	51.7	48	48	38	props_nostop,  LG_down,  
17:19:49	61.448658	21.832838	117.7	103.8	110.8	756	-2.2	177.9	0.97	0	0	0	7.8	-2.5	295.7	51.7	51.7	48	48	38	props_nostop,  LG_down,  
17:19:50	61.448936	21.831995	115.1	100.7	108.3	756	-2.4	187.1	1.03	0	0	0	5.8	-3.5	297.6	51.7	51.7	48	48	38	props_nostop,  LG_down,  
17:19:52	61.449223	21.831156	112.4	97.7	105.6	756	-2.6	189.2	0.78	0	0	0	6.4	-5.2	299.6	51.7	51.7	48	48	38	props_nostop,  LG_down,  
17:19:53	61.449512	21.830326	108.6	93.4	101.8	756	-3.2	188.2	1	0	0	0	7.3	-5.6	299.9	51.7	51.7	48	48	38	props_nostop,  LG_down,  
17:19:54	61.449818	21.829504	104.5	88.7	97.7	756	-3.8	185	0.98	0	0	0	9.5	-5.5	299.6	51.7	51.7	48	48	38	props_nostop,  LG_down,  
17:19:55	61.45013	21.828693	99.5	84	92.8	756	-4.4	186.5	1.14	0	0	0	13.8	-4.5	302.9	51.7	51.7	48	48	38	props_nostop,  LG_down,  
17:19:56	61.450462	21.827908	95.5	80.8	88.7	756	-3.9	188.2	0.98	0	0	0	8.6	-3.5	304.6	51.7	51.7	48	48	38	props_nostop,  Mid_mark,  LG_down,  
17:19:57	61.450806	21.827135	92.8	77.8	86	756	-3	182.8	0.9	0	0	0	6.4	-3	306.5	51.7	51.7	48	48	38	props_nostop,  LG_down,  
17:19:58	61.451153	21.82638	90.5	74.8	83.6	756	-2.4	184.3	1	0	0	0	6.1	-2.1	306.9	51.7	51.7	48	48	38	props_nostop,  Mid_mark,  LG_down,  
17:19:59	61.451508	21.825638	89.2	73.2	82.3	756	-1.6	187.6	0.82	0	0	0	2.1	-2.8	306.5	51.7	51.7	48	48	38	props_nostop,  LG_down,  
17:20:00	61.451859	21.824902	87.3	71.7	80.4	756	-1.8	183.9	1	0	0	0	1	-2.7	307.7	51.7	51.7	49	49	38	props_nostop,  LG_down,  
17:20:01	61.452209	21.824167	85.5	68.7	78.7	756	-1.7	189.2	0.93	0	0	0	1.7	-2.4	308.7	52.1	52.1	49	49	38	props_nostop,  LG_down,  TAWS,  
17:20:02	61.452564	21.823439	84.1	67.1	77.2	756	-1.5	191.9	0.75	0	0	0	2.4	-4.8	308.1	52.1	52.1	49	49	38	props_nostop,  LG_down,  
17:20:03	61.452915	21.822712	81.3	64.1	74.5	756	-2.3	181.6	0.69	0	0	0	4.7	-7.1	308.2	52.7	52.7	47	47	38	props_nostop,  LG_down,  TAWS,  
17:20:04	61.453274	21.821989	76.5	59.5	69.9	756	-3.8	181.5	0.69	0	0	0	4.7	-7.9	308.1	46.8	46.8	39	39	38	props_nostop,  LG_down,  TAWS,  
17:20:05	61.45364	21.821266	70.1	53.4	63.5	756	-5.4	197.1	0.82	0	0	0	2.5	-9.3	309.6	44.1	44.1	39	39	38	props_nostop,  LG_down,  TAWS,  
17:20:06	61.45401	21.820538	63.1	46.8	56.5	756	-6.2	199.5	0.96	0	0	0	0.3	-8.9	309.3	43.1	43.1	39	39	38	props_nostop,  LG_down,  
17:20:07	61.454384	21.819799	56.4	39.7	49.8	756	-6.3	199.7	1.08	0	0	0	-1.7	-7.1	310.2	42.7	42.7	39	39	38	props_nostop,  LG_down,  
17:20:08	61.454754	21.81905	50.9	33.6	44.2	756	-5.5	200	1.29	0	0	0	-6.7	-4.6	308.8	42.4	42.4	39	39	38	props_nostop,  LG_down,  
17:20:09	61.45512	21.818283	47	30.5	40.2	756	-4.4	197.5	1.16	0	0	0	-8.7	-5	307.1	42.4	42.4	39	39	38	props_nostop,  LG_down,  
17:20:10	61.455467	21.81749	43.8	27.5	37	756	-3.5	199.2	0.9	0	0	0	-9.1	-4.1	305.3	42.7	42.7	42	42	38	props_nostop,  LG_down,  
17:20:11	61.455799	21.816675	40.9	24.4	34.1	756	-2.9	194.3	1.11	0	0	0	-9.6	-1.7	302	43.7	43.7	42	42	38	props_nostop,  LG_down,  
17:20:12	61.456116	21.815845	39.5	22.9	32.5	756	-1.8	193.2	1.11	0	0	0	-0.4	-1.1	300.9	44.3	44.3	42	42	38	props_nostop,  LG_down,  
17:20:13	61.456429	21.815022	38.8	22.4	31.9	756	-1.1	187.2	1.06	0	0	0	2.2	-1.9	299.4	42.5	42.5	36	36	38	props_nostop,  LG_down,  
17:20:14	61.456734	21.814201	37.8	21.4	30.9	756	-1	189.4	1.04	0	0	0	3.8	-1.2	302.5	40.8	40.8	36	36	38	props_nostop,  LG_down,  
17:20:15	61.457043	21.813396	36.5	19.8	29.6	756	-1.2	190.1	0.98	0	0	0	-1	-1.5	303.1	38.8	38.8	30	30	38	props_nostop,  LG_down,  
17:20:16	61.45734	21.812595	34.6	18.3	27.7	756	-1.6	180.6	0.93	0	0	0	-4.6	-2.5	302.4	33.8	33.8	29	29	38	props_nostop,  LG_down,  
17:20:17	61.45763	21.811789	32.2	15.3	25.4	756	-2	185.1	0.9	0	0	0	-7	-3.1	300.4	30.4	30.4	26	26	38	props_nostop,  LG_down,  
17:20:18	61.457912	21.810976	29.4	12.2	22.6	756	-2.5	181.5	0.82	0	0	0	-1.1	-3.8	298.4	27.8	27.8	26	26	38	props_nostop,  LG_down,  
17:20:19	61.458187	21.810165	25.7	9.2	18.9	756	-3.2	180	0.96	0	0	0	2.8	-3.7	297.6	26.7	26.7	26	26	38	props_nostop,  LG_down,  
17:20:20	61.458462	21.809359	21.8	4.6	15	756	-3.5	178.7	1.06	0	0	0	5.3	-1.6	298.4	26.4	26.4	26	26	38	props_nostop,  LG_down,  
17:20:21	61.45874	21.808571	18.8	1.5	12	756	-3	173.4	1.22	0	0	0	4.7	3.1	298.6	26	26	26	26	38	props_nostop,  LG_down,  
17:20:22	61.459019	21.807808	18.5	1.5	11.6	756	-1.1	170	1.04	0	0	0	3.1	4.5	299.7	26	26	26	26	38	props_nostop,  LG_down,  
17:20:23	61.45929	21.807066	19.2	3.1	12.2	756	0	163.2	0.9	0	0	0	-1.1	3.7	300.6	11	11	12	12	38	props_nostop,  LG_down,  
17:20:24	61.459557	21.806341	19.4	3.1	12.4	756	0.1	164.4	0.88	0	0	0	-2.4	3.6	298.7	11.4	11.4	12	12	38	props_nostop,  LG_down,  
17:20:25	61.459808	21.805628	18.5	1.5	11.6	756	-0.6	158.8	0.82	0	0	0	-2.8	1.1	297.5	0	0	12	12	38	props_nostop,  LG_down,  
17:20:26	61.460049	21.804922	16.6	0	9.7	756	-1.4	159.8	1.65	0	0	0	-1.4	1.3	297.9	0	0	12	12	38	props_nostop,  LG_down,  
17:20:27	61.460278	21.804224	16.7	0	9.7	756	-0.4	151.2	1.04	0	0	0	0.3	0.2	294.9	0	0	12	12	38	props_nostop,  LG_down,  
17:20:28	61.460495	21.803539	16.6	0	9.7	756	-0.2	142	0.98	0	0	0	0.7	-0.2	296.8	0	0	12	12	38	props_nostop,  LG_down,  
17:20:29	61.460697	21.802889	16.6	0	9.7	756	-0.1	136.4	0.9	0	0	0	-0.4	0.1	297.5	7.6	7.6	12	12	38	props_nostop,  LG_down,  
17:20:30	61.460892	21.802269	16.6	0	9.7	756	0	132	0.98	0	0	0	-0.2	-0.2	301.6	6.7	6.7	12	12	38	props_nostop,  LG_down,  
17:20:31	61.46109	21.801687	16.6	0	9.7	756	0	128.9	0.93	0	0	0	-0.4	-0.1	304.7	5.3	5.3	12	12	38	props_nostop,  LG_down,  
17:20:32	61.461296	21.801147	16.6	0	9.6	756	0	120.6	0.98	0	0	0	-0.5	0	306.1	21.9	21.9	12	12	38	props_nostop,  LG_down,  
17:20:33	61.461498	21.800631	16.6	0	9.6	756	0	118	0.98	0	0	0	0.4	0.2	299.1	5.3	5.3	12	12	38	props_nostop,  LG_down,  
17:20:34	61.461681	21.800114	16.6	0	9.6	756	0	112.9	0.98	0	0	0	0.5	-0.1	296.3	21.6	21.6	12	12	38	props_nostop,  LG_down,  
17:20:35	61.461845	21.799599	16.6	0	9.6	756	0	109.4	0.98	0	0	0	0.1	0.2	296.1	21.7	21.7	12	12	38	props_nostop,  LG_down,  
17:20:36	61.461998	21.799093	16.6	0	9.7	756	0	105.7	0.93	0	0	0	0.1	0.1	297.4	17.7	17.7	12	12	38	props_nostop,  LG_down,  
17:20:37	61.462147	21.798628	16.6	0	9.6	756	0	96	0.98	0	0	0	-0.5	-0.7	303.2	14	14	12	12	38	props_nostop,  LG_down,  
17:20:38	61.462288	21.798235	16.6	0	9.6	756	0	81.1	0.98	0	0	0	-0.3	-0.4	305	19.7	19.7	12	12	38	props_nostop,  LG_down,  
17:20:39	61.462414	21.797905	16.6	0	9.7	756	0	70.1	0.98	0	0	0	0.2	-0.6	300.6	10.3	10.3	12	12	38	props_nostop,  LG_down,  
