I
800
OBJ

GLOBAL_cockpit_lit
POINT_COUNTS 55119 0 0 116455 
VT -0.38703901 0.91139197 2.34004211 0.00000000 0.03640700 0.99934400 0.341553 0.028717 
VT -0.39559901 0.91139197 2.34004211 0.00000000 0.03640700 0.99934400 0.341553 0.028152 
VT -0.38703901 0.92352301 2.33960009 0.00000000 0.03640700 0.99934400 0.340591 0.028717 
VT -0.39559901 0.92352301 2.33960009 0.00000000 0.03640700 0.99934400 0.340591 0.028152 
VT -0.38703901 0.89442402 2.34065199 0.00000000 0.03521700 0.99937400 0.341965 0.029358 
VT -0.39544699 0.89442402 2.34065199 0.00000000 0.03521700 0.99937400 0.341965 0.028778 
VT -0.38703901 0.90611303 2.34024000 0.00000000 0.03521700 0.99937400 0.341019 0.029358 
VT -0.39544699 0.90611303 2.34024000 0.00000000 0.03521700 0.99937400 0.341019 0.028778 
VT -0.27998400 0.89962798 2.34048510 0.00000000 0.03916900 0.99923700 0.340454 0.026001 
VT -0.29039001 0.89962798 2.34048510 0.00000000 0.03916900 0.99923700 0.339508 0.026001 
VT -0.27998400 0.90664703 2.34020996 0.00000000 0.03916900 0.99923700 0.340454 0.026581 
VT -0.29039001 0.90664703 2.34020996 0.00000000 0.03916900 0.99923700 0.339508 0.026581 
VT -0.26536599 0.89962798 2.34048510 0.00000000 0.03916900 0.99923700 0.339401 0.026962 
VT -0.27578700 0.89962798 2.34048510 0.00000000 0.03916900 0.99923700 0.339401 0.026001 
VT -0.26536599 0.90664703 2.34020996 0.00000000 0.03916900 0.99923700 0.338837 0.026962 
VT -0.27578700 0.90664703 2.34020996 0.00000000 0.03916900 0.99923700 0.338837 0.026001 
VT -0.27998400 0.90985101 2.34008789 0.00000000 0.03495800 0.99939000 0.338181 0.026199 
VT -0.29039001 0.90985101 2.34008789 0.00000000 0.03495800 0.99939000 0.338181 0.025238 
VT -0.27998400 0.91682398 2.33984399 0.00000000 0.03495800 0.99939000 0.337616 0.026199 
VT -0.29039001 0.91682398 2.33984399 0.00000000 0.03495800 0.99939000 0.337616 0.025238 
VT -0.26536599 0.90985101 2.34008789 0.00000000 0.03495800 0.99939000 0.337601 0.025650 
VT -0.27578700 0.90985101 2.34008789 0.00000000 0.03495800 0.99939000 0.337601 0.024704 
VT -0.26536599 0.91682398 2.33984399 0.00000000 0.03495800 0.99939000 0.337021 0.025650 
VT -0.27578700 0.91682398 2.33984399 0.00000000 0.03495800 0.99939000 0.337021 0.024704 
VT -0.27998400 0.91989100 2.33972192 0.00000000 0.03605700 0.99934400 0.339920 0.027435 
VT -0.29039001 0.91989100 2.33972192 0.00000000 0.03605700 0.99934400 0.339920 0.028381 
VT -0.27998400 0.92709398 2.33946204 0.00000000 0.03605700 0.99934400 0.340500 0.027435 
VT -0.29039001 0.92709398 2.33946204 0.00000000 0.03605700 0.99934400 0.340500 0.028381 
VT -0.26536599 0.91989100 2.33972192 0.00000000 0.03605700 0.99934400 0.338181 0.023941 
VT -0.27578700 0.91989100 2.33972192 0.00000000 0.03605700 0.99934400 0.337234 0.023941 
VT -0.26536599 0.92709398 2.33946204 0.00000000 0.03605700 0.99934400 0.338181 0.024506 
VT -0.27578700 0.92709398 2.33946204 0.00000000 0.03605700 0.99934400 0.337234 0.024506 
VT -0.29783601 0.86637902 2.34288001 0.00000000 0.03547700 0.99937400 0.339401 0.025497 
VT -0.30783099 0.86637902 2.34288001 0.00000000 0.03547700 0.99937400 0.338455 0.025497 
VT -0.29783601 0.87367201 2.34262109 0.00000000 0.03547700 0.99937400 0.339401 0.025970 
VT -0.30783099 0.87367201 2.34262109 0.00000000 0.03547700 0.99937400 0.338455 0.025970 
VT -0.31578100 0.86637902 2.34288001 0.00000000 0.03547700 0.99937400 0.339401 0.024994 
VT -0.32578999 0.86637902 2.34288001 0.00000000 0.03547700 0.99937400 0.338455 0.024994 
VT -0.31578100 0.87367201 2.34262109 0.00000000 0.03547700 0.99937400 0.339401 0.025467 
VT -0.32578999 0.87367201 2.34262109 0.00000000 0.03547700 0.99937400 0.338455 0.025467 
VT -0.33374000 0.86637902 2.34288001 0.00000000 0.03547700 0.99937400 0.340454 0.026596 
VT -0.34373501 0.86637902 2.34288001 0.00000000 0.03547700 0.99937400 0.339508 0.026596 
VT -0.33374000 0.87367201 2.34262109 0.00000000 0.03547700 0.99937400 0.340454 0.027069 
VT -0.34373501 0.87367201 2.34262109 0.00000000 0.03547700 0.99937400 0.339508 0.027069 
VT -0.35168499 0.86637902 2.34288001 0.00000000 0.03547700 0.99937400 0.340454 0.024994 
VT -0.36167899 0.86637902 2.34288001 0.00000000 0.03547700 0.99937400 0.339508 0.024994 
VT -0.35168499 0.87367201 2.34262109 0.00000000 0.03547700 0.99937400 0.340454 0.025467 
VT -0.36167899 0.87367201 2.34262109 0.00000000 0.03547700 0.99937400 0.339508 0.025467 
VT -0.36964399 0.86637902 2.34288001 0.00000000 0.03547700 0.99937400 0.340454 0.025497 
VT -0.37963900 0.86637902 2.34288001 0.00000000 0.03547700 0.99937400 0.339508 0.025497 
VT -0.36964399 0.87367201 2.34262109 0.00000000 0.03547700 0.99937400 0.340454 0.025970 
VT -0.37963900 0.87367201 2.34262109 0.00000000 0.03547700 0.99937400 0.339508 0.025970 
VT -0.26290900 0.88055402 2.33868408 0.92395000 0.38224800 -0.01414500 0.340714 0.023621 
VT -0.26290900 0.88104200 2.35188293 0.92395000 0.38224800 -0.01413000 0.340714 0.022461 
VT -0.26644900 0.88958699 2.35156202 0.92395000 0.38224800 -0.01414500 0.339966 0.022461 
VT -0.26644900 0.88909900 2.33837891 0.92395000 0.38226300 -0.01414500 0.339966 0.023621 
VT -0.27500901 0.89312702 2.35142493 0.13667300 0.98994400 -0.03662100 0.334763 0.026993 
VT -0.26644900 0.88909900 2.33837891 0.38243100 0.92335500 -0.03416400 0.333603 0.027740 
VT -0.26644900 0.88958699 2.35156202 0.38241600 0.92335500 -0.03418000 0.334763 0.027740 
VT -0.27500901 0.89263898 2.33822608 -0.13665800 0.98994400 -0.03662100 0.333603 0.026993 
VT -0.28356901 0.88958699 2.35156202 -0.38243100 0.92335500 -0.03416400 0.334763 0.026245 
VT -0.28356901 0.88909900 2.33837891 -0.38246200 0.92334000 -0.03418000 0.333603 0.026245 
VT -0.28710899 0.88104200 2.35188293 -0.92395000 0.38224800 -0.01414500 0.337677 0.023621 
VT -0.28356901 0.88909900 2.33837891 -0.92395000 0.38224800 -0.01414500 0.336929 0.022461 
VT -0.28356901 0.88958699 2.35156202 -0.92395000 0.38224800 -0.01414500 0.336929 0.023621 
VT -0.28710899 0.88055402 2.33868408 -0.92395000 0.38226300 -0.01413000 0.337677 0.022461 
VT -0.28356901 0.87251300 2.35218811 -0.92382800 -0.38255300 0.01438900 0.338425 0.023621 
VT -0.28710899 0.88055402 2.33868408 -0.92369100 -0.38287400 0.01416000 0.337677 0.022461 
VT -0.28710899 0.88104200 2.35188293 -0.92369100 -0.38287400 0.01416000 0.337677 0.023621 
VT -0.28356901 0.87200898 2.33900499 -0.92395000 -0.38221700 0.01461800 0.338425 0.022461 
VT -0.28710899 0.88055402 2.33868408 -0.92395000 -0.38221700 0.01461800 0.337677 0.022461 
VT -0.28356901 0.87200898 2.33900499 -0.38375900 -0.92276000 0.03526300 0.333603 0.026138 
VT -0.28356901 0.87251300 2.35218811 -0.38378900 -0.92274500 0.03527800 0.334763 0.026138 
VT -0.27500901 0.86895800 2.35232496 -0.38375900 -0.92276000 0.03526300 0.334763 0.025391 
VT -0.27500901 0.86845398 2.33912706 -0.38372800 -0.92277500 0.03523300 0.333603 0.025391 
VT -0.26644900 0.87251300 2.35218811 0.38375900 -0.92276000 0.03526300 0.334763 0.024643 
VT -0.27500901 0.86845398 2.33912706 0.38375900 -0.92276000 0.03526300 0.333603 0.025391 
VT -0.27500901 0.86895800 2.35232496 0.38378900 -0.92274500 0.03523300 0.334763 0.025391 
VT -0.26644900 0.87200898 2.33900499 0.38372800 -0.92277500 0.03527800 0.333603 0.024643 
VT -0.26644900 0.87200898 2.33900499 0.92382800 -0.38255300 0.01438900 0.341461 0.023621 
VT -0.26644900 0.87251300 2.35218811 0.92369100 -0.38285800 0.01463300 0.341461 0.022461 
VT -0.26290900 0.88104200 2.35188293 0.92382800 -0.38255300 0.01438900 0.340714 0.022461 
VT -0.26290900 0.88055402 2.33868408 0.92395000 -0.38224800 0.01413000 0.340714 0.023621 
VT -0.27500901 0.86895800 2.35232496 0.00000000 0.03846700 0.99925200 0.334991 0.023071 
VT -0.28356901 0.87251300 2.35218811 0.00000000 0.03710900 0.99931300 0.334991 0.023834 
VT -0.26644900 0.87251300 2.35218811 -0.00029000 0.03700300 0.99931300 0.335541 0.022507 
VT -0.26644900 0.88958699 2.35156202 -0.00149500 0.03665200 0.99932900 0.336868 0.023041 
VT -0.26290900 0.88104200 2.35188293 -0.00213600 0.03665200 0.99932900 0.336319 0.022507 
VT -0.27500901 0.89312702 2.35142493 -0.00012200 0.03694200 0.99931300 0.336868 0.023819 
VT -0.28356901 0.88958699 2.35156202 0.00061000 0.03726200 0.99929800 0.336334 0.024384 
VT -0.28710899 0.88104200 2.35188293 0.00030500 0.03651400 0.99932900 0.335556 0.024384 
VT -0.26750201 0.88104200 2.35188293 0.92373700 0.38276700 -0.01388500 0.336472 0.026840 
VT -0.26750201 0.88150001 2.36450195 0.92373700 0.38276700 -0.01388500 0.337570 0.026840 
VT -0.26969901 0.88679498 2.36430407 0.92373700 0.38276700 -0.01388500 0.337570 0.026382 
VT -0.26969901 0.88633698 2.35168505 0.92373700 0.38276700 -0.01388500 0.336472 0.026382 
VT -0.27500901 0.88899201 2.36422706 0.38259900 0.92330900 -0.03347800 0.341522 0.025345 
VT -0.26969901 0.88633698 2.35168505 0.38259900 0.92330900 -0.03347800 0.341064 0.024231 
VT -0.26969901 0.88679498 2.36430407 0.38252300 0.92334000 -0.03350800 0.341064 0.025345 
VT -0.27500901 0.88853502 2.35160804 0.38267500 0.92327900 -0.03343200 0.341522 0.024231 
VT -0.27500901 0.88853502 2.35160804 -0.38351400 0.92292800 -0.03346300 0.341522 0.024231 
VT -0.27500901 0.88899201 2.36422706 -0.38343800 0.92295800 -0.03341700 0.341522 0.025345 
VT -0.28030401 0.88679498 2.36430407 -0.38351400 0.92292800 -0.03346300 0.341980 0.025345 
VT -0.28030401 0.88633698 2.35168505 -0.38359100 0.92289700 -0.03349300 0.341980 0.024231 
VT -0.28250101 0.88150001 2.36450195 -0.92373700 0.38276700 -0.01388500 0.338715 0.026840 
VT -0.28030401 0.88633698 2.35168505 -0.92373700 0.38276700 -0.01388500 0.337601 0.027298 
VT -0.28030401 0.88679498 2.36430407 -0.92373700 0.38276700 -0.01388500 0.338715 0.027298 
VT -0.28250101 0.88104200 2.35188293 -0.92373700 0.38276700 -0.01388500 0.337601 0.026840 
VT -0.28030401 0.87622100 2.36468506 -0.92332500 -0.38377400 0.01393100 0.338715 0.026382 
VT -0.28250101 0.88104200 2.35188293 -0.92332500 -0.38377400 0.01393100 0.337601 0.026840 
VT -0.28250101 0.88150001 2.36450195 -0.92332500 -0.38377400 0.01393100 0.338715 0.026840 
VT -0.28030401 0.87576300 2.35206604 -0.92332500 -0.38377400 0.01393100 0.337601 0.026382 
VT -0.28030401 0.87576300 2.35206604 -0.38359100 -0.92289700 0.03346300 0.341980 0.026474 
VT -0.28030401 0.87622100 2.36468506 -0.38366700 -0.92286700 0.03349300 0.341980 0.025375 
VT -0.27500901 0.87402302 2.36477709 -0.38359100 -0.92289700 0.03346300 0.341522 0.025375 
VT -0.27500901 0.87356597 2.35215807 -0.38353000 -0.92292800 0.03343200 0.341522 0.026474 
VT -0.26969901 0.87622100 2.36468506 0.38267500 -0.92327900 0.03347800 0.341064 0.025375 
VT -0.27500901 0.87356597 2.35215807 0.38267500 -0.92327900 0.03347800 0.341522 0.026474 
VT -0.27500901 0.87402302 2.36477709 0.38273600 -0.92324800 0.03343200 0.341522 0.025375 
VT -0.26969901 0.87576300 2.35206604 0.38259900 -0.92330900 0.03350800 0.341064 0.026474 
VT -0.26969901 0.87576300 2.35206604 0.92332500 -0.38377400 0.01393100 0.336472 0.027298 
VT -0.26969901 0.87622100 2.36468506 0.92332500 -0.38377400 0.01393100 0.337570 0.027298 
VT -0.26750201 0.88150001 2.36450195 0.92332500 -0.38377400 0.01393100 0.337570 0.026840 
VT -0.26750201 0.88104200 2.35188293 0.92332500 -0.38377400 0.01393100 0.336472 0.026840 
VT -0.27500901 0.87402302 2.36477709 0.00000000 0.04184000 0.99913000 0.336807 0.029770 
VT -0.28030401 0.87622100 2.36468506 0.00000000 0.03825400 0.99926800 0.336319 0.029770 
VT -0.26969901 0.87622100 2.36468506 -0.00036600 0.03686500 0.99931300 0.337143 0.030106 
VT -0.26969901 0.88679498 2.36430407 -0.00141900 0.03601100 0.99934400 0.336823 0.030930 
VT -0.26750201 0.88150001 2.36450195 -0.00323500 0.03601100 0.99934400 0.337158 0.030579 
VT -0.27500901 0.88899201 2.36422706 0.00006100 0.03585800 0.99935900 0.336334 0.030930 
VT -0.28030401 0.88679498 2.36430407 0.00033600 0.03633100 0.99934400 0.335999 0.030594 
VT -0.28250101 0.88150001 2.36450195 0.00047300 0.03581200 0.99935900 0.335983 0.030121 
VT -0.27500901 0.87507600 2.36485291 0.00000000 0.04035900 0.99919100 0.339005 0.023941 
VT -0.27955601 0.87695301 2.36477709 0.00000000 0.03700300 0.99931300 0.338577 0.023941 
VT -0.27046201 0.87695301 2.36477709 -0.00058000 0.03631600 0.99934400 0.339310 0.024246 
VT -0.27046201 0.88604701 2.36445594 -0.00306700 0.03529400 0.99937400 0.339020 0.024963 
VT -0.26858500 0.88150001 2.36462402 -0.00399800 0.03529400 0.99937400 0.339310 0.024658 
VT -0.27500901 0.88792402 2.36437988 -0.00032000 0.03605700 0.99934400 0.338593 0.024979 
VT -0.27955601 0.88604701 2.36445594 0.00134300 0.03663600 0.99932900 0.338287 0.024673 
VT -0.28143299 0.88150001 2.36462402 0.00058000 0.03504900 0.99939000 0.338287 0.024246 
VT -0.39657599 0.88028002 2.33940101 0.92367600 0.38288900 -0.01451100 0.333603 0.030197 
VT -0.39657599 0.88075298 2.35188293 0.92367600 0.38288900 -0.01451100 0.334763 0.030197 
VT -0.39993301 0.88884002 2.35157800 0.92367600 0.38288900 -0.01451100 0.334763 0.029449 
VT -0.39993301 0.88836700 2.33909607 0.92367600 0.38288900 -0.01451100 0.333603 0.029449 
VT -0.40800500 0.89218098 2.35145593 0.38264500 0.92323300 -0.03498800 0.333603 0.028595 
VT -0.39993301 0.88836700 2.33909607 0.38340800 0.92294300 -0.03440900 0.334763 0.027847 
VT -0.39993301 0.88884002 2.35157800 0.38264500 0.92323300 -0.03498800 0.333603 0.027847 
VT -0.40800500 0.89172399 2.33898902 0.38415500 0.92265300 -0.03381300 0.334763 0.028595 
VT -0.40800500 0.89218098 2.35145593 0.38415500 0.92265300 -0.03381300 0.333603 0.028595 
VT -0.40800500 0.89172399 2.33898902 -0.38279700 0.92318700 -0.03440900 0.334763 0.028595 
VT -0.40800500 0.89218098 2.35145593 -0.38205000 0.92352300 -0.03385900 0.333603 0.028595 
VT -0.41609201 0.88884002 2.35157800 -0.38279700 0.92318700 -0.03440900 0.333603 0.029343 
VT -0.41609201 0.88836700 2.33909607 -0.38354500 0.92285200 -0.03497300 0.334763 0.029343 
VT -0.41944900 0.88075298 2.35188293 -0.92369100 0.38288900 -0.01451100 0.339188 0.023621 
VT -0.41609201 0.88836700 2.33909607 -0.92369100 0.38288900 -0.01451100 0.338440 0.022461 
VT -0.41609201 0.88884002 2.35157800 -0.92369100 0.38288900 -0.01451100 0.338440 0.023621 
VT -0.41944900 0.88028002 2.33940101 -0.92367600 0.38288900 -0.01451100 0.339188 0.022461 
VT -0.41609201 0.87268102 2.35217309 -0.92341600 -0.38351400 0.01452600 0.339935 0.023621 
VT -0.41944900 0.88028002 2.33940101 -0.92341600 -0.38351400 0.01452600 0.339188 0.022461 
VT -0.41944900 0.88075298 2.35188293 -0.92341600 -0.38351400 0.01452600 0.339188 0.023621 
VT -0.41609201 0.87220800 2.33969092 -0.92341600 -0.38351400 0.01452600 0.339935 0.022461 
VT -0.41609201 0.87220800 2.33969092 -0.38287400 -0.92315700 0.03442400 0.335938 0.029449 
VT -0.41609201 0.87268102 2.35217309 -0.38360600 -0.92283600 0.03497300 0.334793 0.029449 
VT -0.40800500 0.86932403 2.35229492 -0.38287400 -0.92315700 0.03442400 0.334793 0.030197 
VT -0.40800500 0.86886603 2.33981299 -0.38214100 -0.92347700 0.03389000 0.335938 0.030197 
VT -0.39993301 0.87268102 2.35217309 0.38348400 -0.92291300 0.03442400 0.334793 0.030945 
VT -0.40800500 0.86886603 2.33981299 0.38348400 -0.92291300 0.03442400 0.335938 0.030197 
VT -0.40800500 0.86932403 2.35229492 0.38421600 -0.92262300 0.03385900 0.334793 0.030197 
VT -0.39993301 0.87220800 2.33969092 0.38275100 -0.92318700 0.03498800 0.335938 0.030945 
VT -0.39993301 0.87220800 2.33969092 0.92341600 -0.38351400 0.01452600 0.333603 0.030945 
VT -0.39993301 0.87268102 2.35217309 0.92341600 -0.38351400 0.01452600 0.334763 0.030945 
VT -0.39657599 0.88075298 2.35188293 0.92341600 -0.38351400 0.01452600 0.334763 0.030197 
VT -0.39657599 0.88028002 2.33940101 0.92341600 -0.38351400 0.01452600 0.333603 0.030197 
VT -0.40800500 0.86932403 2.35229492 0.00000000 0.03627000 0.99934400 0.334335 0.022507 
VT -0.41609201 0.87268102 2.35217309 0.00000000 0.03610200 0.99934400 0.333557 0.022507 
VT -0.39993301 0.87268102 2.35217309 -0.00024400 0.03665200 0.99932900 0.334885 0.023041 
VT -0.39993301 0.88884002 2.35157800 -0.00099200 0.03680400 0.99932900 0.334351 0.024384 
VT -0.39657599 0.88075298 2.35188293 -0.00212100 0.03680400 0.99931300 0.334900 0.023819 
VT -0.40800500 0.89218098 2.35145593 0.00001500 0.03675800 0.99932900 0.333572 0.024384 
VT -0.41609201 0.88884002 2.35157800 0.00027500 0.03706400 0.99931300 0.333023 0.023834 
VT -0.41944900 0.88075298 2.35188293 0.00030500 0.03666700 0.99932900 0.333008 0.023071 
VT -0.40092501 0.88075298 2.35188293 0.92404200 0.38203400 -0.01391600 0.336472 0.027847 
VT -0.40092501 0.88117999 2.36381507 0.92425500 0.38153100 -0.01365700 0.337570 0.027847 
VT -0.40300000 0.88620001 2.36363196 0.92404200 0.38203400 -0.01391600 0.337570 0.027390 
VT -0.40300000 0.88575703 2.35168505 0.92384300 0.38252300 -0.01419100 0.336472 0.027390 
VT -0.40800500 0.88827503 2.36355591 0.38322400 0.92301900 -0.03421000 0.341522 0.026505 
VT -0.40300000 0.88575703 2.35168505 0.38322400 0.92301900 -0.03421000 0.341980 0.027618 
VT -0.40300000 0.88620001 2.36363196 0.38319400 0.92303500 -0.03422500 0.341980 0.026505 
VT -0.40800500 0.88783300 2.35162401 0.38325500 0.92300400 -0.03419500 0.341522 0.027618 
VT -0.40800500 0.88783300 2.35162401 -0.38224800 0.92343100 -0.03422500 0.341522 0.027618 
VT -0.40800500 0.88827503 2.36355591 -0.38221700 0.92343100 -0.03421000 0.341522 0.026505 
VT -0.41302499 0.88620001 2.36363196 -0.38224800 0.92343100 -0.03422500 0.341064 0.026505 
VT -0.41302499 0.88575703 2.35168505 -0.38227800 0.92341600 -0.03424100 0.341064 0.027618 
VT -0.41510001 0.88117999 2.36381507 -0.92404200 0.38203400 -0.01391600 0.338715 0.027847 
VT -0.41302499 0.88575703 2.35168505 -0.92404200 0.38203400 -0.01391600 0.337601 0.028320 
VT -0.41302499 0.88620001 2.36363196 -0.92425500 0.38151600 -0.01414500 0.338715 0.028320 
VT -0.41510001 0.88075298 2.35188293 -0.92384300 0.38253800 -0.01368700 0.337601 0.027847 
VT -0.41302499 0.87619001 2.36399794 -0.92343100 -0.38351400 0.01371800 0.338715 0.027390 
VT -0.41510001 0.88075298 2.35188293 -0.92343100 -0.38351400 0.01371800 0.337601 0.027847 
VT -0.41510001 0.88117999 2.36381507 -0.92344700 -0.38349900 0.01371800 0.338715 0.027847 
VT -0.41302499 0.87576300 2.35205102 -0.92343100 -0.38353000 0.01370200 0.337601 0.027390 
VT -0.41302499 0.87576300 2.35205102 -0.38351400 -0.92291300 0.03363000 0.341980 0.028748 
VT -0.41302499 0.87619001 2.36399794 -0.38223300 -0.92347700 0.03300500 0.341980 0.027649 
VT -0.40800500 0.87411499 2.36407495 -0.38351400 -0.92291300 0.03363000 0.341522 0.027649 
VT -0.40800500 0.87367201 2.35214210 -0.38481100 -0.92236300 0.03424100 0.341522 0.028748 
VT -0.40300000 0.87619001 2.36399794 0.38449100 -0.92251600 0.03361500 0.341064 0.027649 
VT -0.40800500 0.87367201 2.35214210 0.38449100 -0.92251600 0.03361500 0.341522 0.028748 
VT -0.40800500 0.87411499 2.36407495 0.38320900 -0.92303500 0.03427100 0.341522 0.027649 
VT -0.40300000 0.87576300 2.35205102 0.38578800 -0.92199700 0.03295900 0.341064 0.028748 
VT -0.40300000 0.87576300 2.35205102 0.92343100 -0.38351400 0.01371800 0.336472 0.028320 
VT -0.40300000 0.87619001 2.36399794 0.92344700 -0.38349900 0.01370200 0.337570 0.028320 
VT -0.40092501 0.88117999 2.36381507 0.92343100 -0.38351400 0.01371800 0.337570 0.027847 
VT -0.40092501 0.88075298 2.35188293 0.92343100 -0.38353000 0.01371800 0.336472 0.027847 
VT -0.40800500 0.87411499 2.36407495 0.00000000 0.03709400 0.99931300 0.335632 0.028168 
VT -0.41302499 0.87619001 2.36399794 0.00000000 0.03685000 0.99931300 0.335144 0.028168 
VT -0.40300000 0.87619001 2.36399794 0.00001500 0.03663600 0.99932900 0.335968 0.028503 
VT -0.40300000 0.88620001 2.36363196 0.00009200 0.03653000 0.99932900 0.335632 0.029327 
VT -0.40092501 0.88117999 2.36381507 0.00021400 0.03653000 0.99932900 0.335983 0.028992 
VT -0.40800500 0.88827503 2.36355591 0.00000000 0.03654500 0.99932900 0.335159 0.029327 
VT -0.41302499 0.88620001 2.36363196 -0.00001500 0.03651400 0.99932900 0.334808 0.028992 
VT -0.41510001 0.88117999 2.36381507 -0.00003100 0.03654500 0.99932900 0.334808 0.028519 
VT -0.40800500 0.87512201 2.36413598 0.00000000 0.03447000 0.99940500 0.339722 0.024979 
VT -0.41230801 0.87689197 2.36407495 0.00000000 0.03332500 0.99945100 0.340149 0.024963 
VT -0.40370199 0.87689197 2.36407495 -0.00093100 0.03512600 0.99939000 0.339417 0.024673 
VT -0.40370199 0.88548303 2.36377001 -0.00390600 0.03547700 0.99935900 0.339722 0.023941 
VT -0.40193200 0.88117999 2.36393690 -0.00799600 0.03547700 0.99934400 0.339417 0.024246 
VT -0.40800500 0.88725299 2.36370802 0.00003100 0.03540000 0.99937400 0.340149 0.023941 
VT -0.41230801 0.88548303 2.36377001 0.00109900 0.03656000 0.99932900 0.340454 0.024246 
VT -0.41407800 0.88117999 2.36393690 0.00116000 0.03498800 0.99939000 0.340454 0.024658 
VT -0.40266401 0.92265302 2.33769202 0.91883900 0.39053300 0.05670200 0.334793 0.024353 
VT -0.40373200 0.92317200 2.35142493 0.91883900 0.39053300 0.05670200 0.333694 0.024353 
VT -0.40493801 0.92602497 2.35131788 0.92016600 0.38726800 0.05772400 0.333694 0.024582 
VT -0.40266401 0.92265302 2.33769202 0.92146300 0.38398700 0.05876200 0.334793 0.024353 
VT -0.40417501 0.92629999 2.33755493 0.92146300 0.38398700 0.05876200 0.334793 0.024643 
VT -0.40782201 0.92724597 2.35127306 0.38903800 0.92036400 0.03996300 0.337570 0.026001 
VT -0.40417501 0.92629999 2.33755493 0.38549800 0.92189000 0.03891000 0.336472 0.026291 
VT -0.40493801 0.92602497 2.35131788 0.38903800 0.92036400 0.03996300 0.337570 0.026230 
VT -0.40782201 0.92781103 2.33749390 0.38195800 0.92340100 0.03787200 0.336472 0.026001 
VT -0.40782201 0.92724597 2.35127306 0.38195800 0.92340100 0.03787200 0.337570 0.026001 
VT -0.40782201 0.92781103 2.33749390 -0.38739000 0.92114300 0.03778100 0.336472 0.026001 
VT -0.40782201 0.92724597 2.35127306 -0.38739000 0.92114300 0.03778100 0.337570 0.026001 
VT -0.41072100 0.92602497 2.35131788 -0.38398700 0.92253100 0.03866600 0.337570 0.025772 
VT -0.41148400 0.92629999 2.33755493 -0.38056900 0.92390400 0.03956600 0.336472 0.025711 
VT -0.40782201 0.92781103 2.33749390 -0.38056900 0.92390400 0.03956600 0.336472 0.026001 
VT -0.41072100 0.92602497 2.35131788 -0.91882300 0.39027400 0.05873100 0.341537 0.023575 
VT -0.41192600 0.92317200 2.35142493 -0.91882300 0.39027400 0.05873100 0.341766 0.023575 
VT -0.41148400 0.92629999 2.33755493 -0.92024200 0.38702400 0.05795300 0.341476 0.022476 
VT -0.41192600 0.92317200 2.35142493 -0.92166100 0.38375900 0.05717500 0.341766 0.023575 
VT -0.41299400 0.92265302 2.33769202 -0.98770100 -0.13298000 0.08219900 0.341766 0.022476 
VT -0.41072100 0.92027301 2.35151696 -0.92175300 -0.37802100 0.08647200 0.342010 0.023575 
VT -0.41192600 0.92317200 2.35142493 -0.92094400 -0.38008100 0.08598300 0.341766 0.023575 
VT -0.41148400 0.91897601 2.33781409 -0.92254600 -0.37596100 0.08696000 0.342072 0.022476 
VT -0.41148400 0.91897601 2.33781409 -0.38061500 -0.91847200 0.10746800 0.339920 0.028534 
VT -0.41072100 0.92027301 2.35151696 -0.38327000 -0.91728200 0.10817000 0.339859 0.027435 
VT -0.40782201 0.91906703 2.35156202 -0.38327000 -0.91728200 0.10817000 0.339630 0.027435 
VT -0.40782201 0.91747999 2.33789110 0.13792400 -0.98378000 0.11471600 0.339630 0.028534 
VT -0.40782201 0.91906703 2.35156202 -0.37794500 -0.91964700 0.10676600 0.339630 0.027435 
VT -0.40493801 0.92027301 2.35151696 0.38212600 -0.91786200 0.10726900 0.339401 0.027435 
VT -0.40782201 0.91906703 2.35156202 0.38501000 -0.91674800 0.10643000 0.339630 0.027435 
VT -0.40417501 0.91897601 2.33781409 0.37924200 -0.91896100 0.10809300 0.339340 0.028534 
VT -0.40417501 0.91897601 2.33781409 0.92164600 -0.37826500 0.08660900 0.334793 0.024063 
VT -0.40493801 0.92027301 2.35151696 0.92074600 -0.38026400 0.08726500 0.333694 0.024124 
VT -0.40373200 0.92317200 2.35142493 0.92074600 -0.38026400 0.08726500 0.333694 0.024353 
VT -0.40266401 0.92265302 2.33769202 0.92253100 -0.37623600 0.08596800 0.334793 0.024353 
VT -0.40373200 0.92317200 2.35142493 0.92253100 -0.37623600 0.08596800 0.333694 0.024353 
VT -0.40782201 0.91955602 2.35168505 0.00000000 0.04365500 0.99905400 0.337860 0.025070 
VT -0.41036999 0.92060900 2.35163903 0.00000000 0.03976400 0.99920700 0.338074 0.025055 
VT -0.40528899 0.92060900 2.35163903 0.00012200 0.03688000 0.99931300 0.337692 0.024902 
VT -0.40528899 0.92570502 2.35145593 0.00132800 0.03590400 0.99935900 0.337845 0.024536 
VT -0.40420499 0.92317200 2.35154700 -0.00006100 0.03590400 0.99935900 0.337692 0.024689 
VT -0.40782201 0.92675799 2.35142493 0.00039700 0.03495800 0.99939000 0.338074 0.024536 
VT -0.41036999 0.92570502 2.35145593 -0.00094600 0.03497300 0.99939000 0.338226 0.024689 
VT -0.41145301 0.92317200 2.35154700 0.00001500 0.03590400 0.99935900 0.338226 0.024902 
VT -0.40243500 0.90714997 2.33795190 0.91917400 0.38974000 0.05688500 0.339203 0.028900 
VT -0.40354899 0.90768403 2.35229492 0.91917400 0.38974000 0.05688500 0.340302 0.028900 
VT -0.40481600 0.91069001 2.35217309 0.92065400 0.38603200 0.05804400 0.340302 0.028671 
VT -0.40243500 0.90714997 2.33795190 0.92211900 0.38232400 0.05921900 0.339203 0.028900 
VT -0.40400699 0.91096503 2.33779907 0.92211900 0.38232400 0.05921900 0.339203 0.028610 
VT -0.40782201 0.91194201 2.35212708 0.38353000 0.92269900 0.03920000 0.339035 0.027176 
VT -0.40400699 0.91096503 2.33779907 0.38353000 0.92269900 0.03920000 0.339325 0.028275 
VT -0.40481600 0.91069001 2.35217309 0.38366700 0.92263800 0.03924600 0.339264 0.027176 
VT -0.40782201 0.91255200 2.33775306 0.38337700 0.92276000 0.03915400 0.339035 0.028275 
VT -0.40782201 0.91255200 2.33775306 -0.38208000 0.92329400 0.03916900 0.339035 0.028275 
VT -0.40782201 0.91194201 2.35212708 -0.38205000 0.92330900 0.03918500 0.339035 0.027176 
VT -0.41084301 0.91069001 2.35217309 -0.38208000 0.92329400 0.03916900 0.338806 0.027176 
VT -0.41165200 0.91096503 2.33779907 -0.38209500 0.92329400 0.03916900 0.338745 0.028275 
VT -0.41084301 0.91069001 2.35217309 -0.91912800 0.38949600 0.05918900 0.340851 0.023666 
VT -0.41210899 0.90768403 2.35229492 -0.91912800 0.38949600 0.05918900 0.340851 0.023895 
VT -0.41165200 0.91096503 2.33779907 -0.92073100 0.38580300 0.05828900 0.341949 0.023605 
VT -0.41210899 0.90768403 2.35229492 -0.92233300 0.38211100 0.05740400 0.340851 0.023895 
VT -0.41322300 0.90714997 2.33795190 -0.92233300 0.38211100 0.05740400 0.341949 0.023895 
VT -0.41084301 0.90466303 2.35240197 -0.92109700 -0.37960800 0.08638000 0.340851 0.024124 
VT -0.41322300 0.90714997 2.33795190 -0.91998300 -0.38249200 0.08569300 0.341949 0.023895 
VT -0.41210899 0.90768403 2.35229492 -0.91998300 -0.38249200 0.08569300 0.340851 0.023895 
VT -0.41165200 0.90333599 2.33808899 -0.92222600 -0.37674000 0.08705100 0.341949 0.024185 
VT -0.41322300 0.90714997 2.33795190 -0.92222600 -0.37674000 0.08705100 0.341949 0.023895 
VT -0.41165200 0.90333599 2.33808899 -0.37979100 -0.91885400 0.10713200 0.334839 0.024643 
VT -0.41084301 0.90466303 2.35240197 -0.37789900 -0.91967800 0.10662800 0.335922 0.024582 
VT -0.40782201 0.90342700 2.35244799 -0.13568100 -0.98405500 0.11494400 0.335922 0.024353 
VT -0.40782201 0.90174901 2.33813500 0.13603200 -0.98399400 0.11505100 0.334839 0.024353 
VT -0.40481600 0.90466303 2.35240197 0.38124100 -0.91824300 0.10722400 0.335922 0.024124 
VT -0.40400699 0.90333599 2.33808899 0.38298000 -0.91757200 0.10672000 0.334839 0.024063 
VT -0.40400699 0.90333599 2.33808899 0.92099000 -0.37983700 0.08656300 0.339203 0.029190 
VT -0.40481600 0.90466303 2.35240197 0.91973900 -0.38264500 0.08746300 0.340302 0.029129 
VT -0.40354899 0.90768403 2.35229492 0.91973900 -0.38264500 0.08746300 0.340302 0.028900 
VT -0.40243500 0.90714997 2.33795190 0.92222600 -0.37702900 0.08566300 0.339203 0.028900 
VT -0.40354899 0.90768403 2.35229492 0.92222600 -0.37702900 0.08566300 0.340302 0.028900 
VT -0.29486099 0.87620503 2.33543396 0.00000000 0.03570600 0.99935900 0.590439 0.005341 
VT -0.38394201 0.92660499 2.33363295 0.00000000 0.03570600 0.99935900 0.446014 0.085495 
VT -0.29486099 0.92660499 2.33363295 0.00000000 0.03570600 0.99935900 0.590439 0.085495 
VT -0.38394201 0.87620503 2.33543396 0.00000000 0.03570600 0.99935900 0.446014 0.005341 
VT -0.40782201 0.90390003 2.35257006 0.00000000 0.04127500 0.99914600 0.341812 0.029373 
VT -0.41049200 0.90501398 2.35252404 0.00000000 0.03785700 0.99928300 0.341599 0.029373 
VT -0.40516701 0.90501398 2.35252404 -0.00087000 0.03796400 0.99928300 0.341965 0.029526 
VT -0.40516701 0.91035497 2.35232496 -0.00413500 0.03724700 0.99929800 0.341812 0.029907 
VT -0.40405300 0.90768403 2.35243201 -0.00672900 0.03724700 0.99928300 0.341980 0.029755 
VT -0.40782201 0.91145301 2.35227990 -0.00022900 0.03779600 0.99928300 0.341599 0.029907 
VT -0.41049200 0.91035497 2.35232496 0.00154100 0.03878800 0.99925200 0.341446 0.029755 
VT -0.41160601 0.90768403 2.35243201 0.00099200 0.03683500 0.99931300 0.341446 0.029526 
IDX10 54801 54802 54803 54802 54804 54803 54805 54806 54807 54806 
IDX10 54808 54807 54809 54810 54811 54810 54812 54811 54813 54814 
IDX10 54815 54814 54816 54815 54817 54818 54819 54818 54820 54819 
IDX10 54821 54822 54823 54822 54824 54823 54825 54826 54827 54826 
IDX10 54828 54827 54829 54830 54831 54830 54832 54831 54833 54834 
IDX10 54835 54834 54836 54835 54837 54838 54839 54838 54840 54839 
IDX10 54841 54842 54843 54842 54844 54843 54845 54846 54847 54846 
IDX10 54848 54847 54849 54850 54851 54850 54852 54851 54853 54854 
IDX10 54855 54856 54853 54855 54857 54858 54859 54860 54858 54857 
IDX10 54860 54857 54861 54862 54860 54861 54863 54864 54865 54863 
IDX10 54866 54864 54867 54868 54869 54867 54870 54871 54872 54873 
IDX10 54874 54875 54872 54874 54876 54877 54878 54879 54877 54876 
IDX10 54880 54881 54882 54883 54880 54882 54884 54885 54886 54886 
IDX10 54887 54888 54886 54889 54887 54890 54889 54886 54891 54890 
IDX10 54886 54885 54891 54886 54892 54893 54894 54895 54892 54894 
IDX10 54896 54897 54898 54899 54897 54896 54900 54901 54902 54903 
IDX10 54900 54902 54904 54905 54906 54904 54907 54905 54908 54909 
IDX10 54910 54908 54911 54909 54912 54913 54914 54915 54912 54914 
IDX10 54916 54917 54918 54919 54917 54916 54920 54921 54922 54923 
IDX10 54920 54922 54924 54925 54926 54926 54927 54928 54926 54929 
IDX10 54927 54930 54929 54926 54931 54930 54926 54925 54931 54926 
IDX10 54932 54933 54934 54934 54935 54936 54934 54937 54935 54938 
IDX10 54937 54934 54939 54938 54934 54933 54939 54934 54940 54941 
IDX10 54942 54943 54940 54942 54944 54945 54946 54947 54945 54948 
IDX10 54949 54950 54951 54952 54949 54951 54953 54954 54955 54953 
IDX10 54956 54954 54957 54958 54959 54957 54960 54958 54961 54962 
IDX10 54963 54964 54961 54963 54965 54966 54967 54968 54966 54965 
IDX10 54969 54970 54971 54972 54969 54971 54973 54974 54975 54975 
IDX10 54976 54977 54975 54978 54976 54979 54978 54975 54980 54979 
IDX10 54975 54974 54980 54975 54981 54982 54983 54984 54981 54983 
IDX10 54985 54986 54987 54988 54986 54985 54989 54990 54991 54992 
IDX10 54989 54991 54993 54994 54995 54993 54996 54994 54997 54998 
IDX10 54999 54997 55000 54998 55001 55002 55003 55004 55001 55003 
IDX10 55005 55006 55007 55008 55006 55005 55009 55010 55011 55012 
IDX10 55009 55011 55013 55014 55015 55015 55016 55017 55015 55018 
IDX10 55016 55019 55018 55015 55020 55019 55015 55014 55020 55015 
IDX10 55021 55022 55023 55023 55024 55025 55023 55026 55024 55027 
IDX10 55026 55023 55028 55027 55023 55022 55028 55023 55029 55030 
IDX10 55031 55032 55031 55033 55034 55035 55036 55037 55035 55038 
IDX10 55039 55040 55041 55042 55043 55041 55044 55045 55046 55047 
IDX10 55048 55046 55049 55048 55050 55049 55051 55048 55052 55053 
IDX10 55054 55055 55052 55056 55057 55055 55058 55059 55055 55057 
IDX10 55060 55061 55062 55063 55060 55064 55065 55066 55067 55067 
IDX10 55068 55069 55067 55070 55068 55071 55070 55067 55072 55071 
IDX10 55067 55066 55072 55067 55073 55074 55075 55076 55075 55077 
IDX10 55078 55079 55080 55081 55079 55078 55082 55083 55084 55085 
IDX10 55082 55084 55086 55087 55088 55089 55090 55088 55091 55092 
IDX10 55093 55091 55094 55095 55096 55097 55098 55099 55096 55098 
IDX10 55100 55099 55098 55101 55099 55100 55102 55103 55104 55105 
IDX10 55102 55106 55107 55108 55109 55110 55108 55107 55111 55112 
IDX10 55113 55113 55114 55115 55113 55116 55114 55117 55116 55113 
IDX 55118 
IDX 55117 
IDX 55113 
IDX 55112 
IDX 55118 
IDX 55113 
ANIM_begin
ANIM_hide 0.000000 0.000000 PNV/navoption
ATTR_manip_command hand sim/GPS/g430n1_com_ff COM flip
TRIS 115939 6 
ATTR_manip_command hand sim/GPS/g430n1_nav_ff NAV flip
TRIS 115945 6 
ATTR_manip_command hand sim/GPS/g430n1_clr CLR
TRIS 115951 6 
ATTR_manip_command hand sim/GPS/g430n1_ent ENT
TRIS 115957 6 
ATTR_manip_command hand sim/GPS/g430n1_direct Direct to
TRIS 115963 6 
ATTR_manip_command hand sim/GPS/g430n1_menu Menu
TRIS 115969 6 
ATTR_manip_command hand sim/GPS/g430n1_zoom_in RNG in
TRIS 115975 6 
ATTR_manip_command hand sim/GPS/g430n1_zoom_out RNG out
TRIS 115981 6 
ATTR_manip_command hand sim/GPS/g430n1_proc PROC
TRIS 115987 6 
ATTR_manip_command hand sim/GPS/g430n1_fpl FPL
TRIS 115993 6 
ATTR_manip_command hand sim/GPS/g430n1_msg MSG
TRIS 115999 6 
ATTR_manip_command hand sim/GPS/g430n1_obs OBS
TRIS 116005 6 
ATTR_manip_command hand sim/GPS/g430n1_cdi CDI
TRIS 116011 6 
ATTR_manip_axis_knob rotate_large -100000.000000 100000.000000 1.000000 1.000000 PNV/GNS430/chapterupdown Chapter
TRIS 116017 66 
ATTR_manip_axis_knob rotate_medium -100000.000000 100000.000000 1.000000 0.000000 PNV/GNS430/pageupdown Page
TRIS 116083 66 
ATTR_manip_command hand sim/GPS/g430n1_cursor Cursor
TRIS 116149 18 
ATTR_manip_axis_knob rotate_large -100000.000000 100000.000000 1.000000 0.000000 PNV/GNS430/coarseupdown Freq coarse coarse
TRIS 116167 66 
ATTR_manip_axis_knob rotate_medium -100000.000000 100000.000000 1.000000 0.000000 PNV/GNS430/finetune Freq fine
TRIS 116233 66 
ATTR_manip_command hand sim/GPS/g430n1_nav_com_tog NAV/COM
TRIS 116299 18 
ATTR_manip_axis_knob rotate_medium 0.000000 1.000000 1.000000 0.000000 sim/cockpit2/radios/actuators/audio_volume_nav1 
TRIS 116317 48 
ATTR_manip_command hand sim/GPS/g430n1_cvol com1 push squelch
TRIS 116365 18 
ATTR_manip_axis_knob rotate_medium 0.000000 0.950000 -0.050000 -0.050000 sim/cockpit2/radios/actuators/audio_volume_com1 NAV volume
TRIS 116383 48 
ATTR_no_cull
ATTR_manip_drag_axis left_right 0.300000 0.000000 0.000000 -0.000000 0.000000 KLN90B/custom/angle 
TRIS 116431 6 
ATTR_manip_command hand sim/GPS/g430n1_vvol NAV1 push ID
TRIS 116437 18 
ANIM_end
